1716985230392 0.14212454855442047 0
1716985231075 0.14358974993228912 1
1716985231744 0.15036630630493164 2
1716985232373 0.14322344958782196 3
1716985233039 0.1498168557882309 4
1716985233784 0.14743590354919434 5
1716985234584 0.148901104927063 6
1716985239468 0.14597070217132568 7
1716985240202 0.14597070217132568 8
1716985241002 0.14413920044898987 9
1716985241532 0.15128205716609955 10
1716985242196 0.15109890699386597 11
1716985283644 0.14505495131015778 12
1716985284150 0.1498168557882309 13
1716985284654 0.14322344958782196 14
1716985285311 0.1518315076828003 15
1716985285976 0.14358974993228912 16
1716985286513 0.14926740527153015 17
1716985287032 0.15256410837173462 18
1716985287560 0.14652015268802643 19
1716985288071 0.14120879769325256 20
1716985288653 0.15018315613269806 21
1716985289162 0.15787546336650848 22
1716985289717 0.14945055544376373 23
1716985290226 0.15091575682163239 24
1716985290767 0.15238095819950104 25
1716985291280 0.15641026198863983 26
1716985291832 0.15457876026630402 27
1716985292348 0.14340659976005554 28
1716985292858 0.14853480458259583 29
1716985293396 0.15787546336650848 30
1716985293911 0.148901104927063 31
1716985294466 0.14945055544376373 32
1716985294992 0.15402930974960327 33
1716985295595 0.14615385234355927 34
1716985296263 0.1536630094051361 35
1716985296956 0.1538461595773697 36
1716985297589 0.15128205716609955 37
1716985298225 0.14798535406589508 38
1716985298958 0.14597070217132568 39
1716985299614 0.15457876026630402 40
1716985300382 0.14633700251579285 41
1716985301662 0.1498168557882309 42
1716985302318 0.15201465785503387 43
1716985302969 0.1576923131942749 44
1716985303640 0.15421245992183685 45
1716985304222 0.15329670906066895 46
1716985304960 0.14963370561599731 47
1716985305593 0.15128205716609955 48
1716985306257 0.14743590354919434 49
