1716985230392 2800539.0 0
1716985231075 92883280.0 1
1716985231744 590824704.0 2
1716985232373 1880723968.0 3
1716985233039 4277029376.0 4
1716985233784 7858766848.0 5
1716985234584 12996833280.0 6
1716985239468 19556530176.0 7
1716985240202 28461080576.0 8
1716985241002 39370264576.0 9
1716985241532 53547618304.0 10
1716985242196 70166405120.0 11
1716985283644 90827087872.0 12
1716985284150 111773908992.0 13
1716985284654 136781651968.0 14
1716985285311 162581921792.0 15
1716985285976 195876126720.0 16
1716985286513 233196421120.0 17
1716985287032 270647984128.0 18
1716985287560 310839738368.0 19
1716985288071 360044331008.0 20
1716985288653 413709860864.0 21
1716985289162 467678822400.0 22
1716985289717 521708208128.0 23
1716985290226 598822223872.0 24
1716985290767 653980729344.0 25
1716985291280 747147427840.0 26
1716985291832 816860430336.0 27
1716985292348 901323292672.0 28
1716985292858 1005393412096.0 29
1716985293396 1083750416384.0 30
1716985293911 1194339074048.0 31
1716985294466 1306729250816.0 32
1716985294992 1430680633344.0 33
1716985295595 1532382543872.0 34
1716985296263 1685803368448.0 35
1716985296956 1803394482176.0 36
1716985297589 1938235326464.0 37
1716985298225 2117632000000.0 38
1716985298958 2270664327168.0 39
1716985299614 2386757419008.0 40
1716985300382 2580935606272.0 41
1716985301662 2746612449280.0 42
1716985302318 2971036024832.0 43
1716985302969 3143430832128.0 44
1716985303640 3338160570368.0 45
1716985304222 3566274084864.0 46
1716985304960 3795500400640.0 47
1716985305593 3974484197376.0 48
1716985306257 4270328643584.0 49
