1716985230392 2714.406982421875 0
1716985231075 2714.43212890625 1
1716985231744 2714.336669921875 2
1716985232373 2714.311767578125 3
1716985233039 2714.281005859375 4
1716985233784 2714.3525390625 5
1716985234584 2714.3046875 6
1716985239468 2714.29541015625 7
1716985240202 2714.203125 8
1716985241002 2714.25244140625 9
1716985241532 2714.14404296875 10
1716985242196 2714.1591796875 11
1716985283644 2714.23974609375 12
1716985284150 2714.119873046875 13
1716985284654 2714.20458984375 14
1716985285311 2714.069580078125 15
1716985285976 2714.174072265625 16
1716985286513 2714.18212890625 17
1716985287032 2714.11181640625 18
1716985287560 2714.19091796875 19
1716985288071 2714.152099609375 20
1716985288653 2714.1220703125 21
1716985289162 2714.05615234375 22
1716985289717 2714.127197265625 23
1716985290226 2714.099609375 24
1716985290767 2714.080810546875 25
1716985291280 2714.10693359375 26
1716985291832 2714.037109375 27
1716985292348 2714.121337890625 28
1716985292858 2714.078125 29
1716985293396 2714.0361328125 30
1716985293911 2714.08251953125 31
1716985294466 2714.05517578125 32
1716985294992 2714.08447265625 33
1716985295595 2714.121337890625 34
1716985296263 2714.054443359375 35
1716985296956 2714.015380859375 36
1716985297589 2714.055908203125 37
1716985298225 2714.071044921875 38
1716985298958 2714.0478515625 39
1716985299614 2714.045654296875 40
1716985300382 2714.134765625 41
1716985301662 2714.067626953125 42
1716985302318 2714.0654296875 43
1716985302969 2714.0322265625 44
1716985303640 2714.033447265625 45
1716985304222 2714.048095703125 46
1716985304960 2714.06396484375 47
1716985305593 2714.07080078125 48
1716985306257 2714.09521484375 49
