1716985230392 41.529823303222656 0
1716985231075 41.52992630004883 1
1716985231744 41.530670166015625 2
1716985232373 41.52970886230469 3
1716985233039 41.52909469604492 4
1716985233784 41.53090286254883 5
1716985234584 41.52911376953125 6
1716985239468 41.528072357177734 7
1716985240202 41.528656005859375 8
1716985241002 41.527862548828125 9
1716985241532 41.52626037597656 10
1716985242196 41.52717971801758 11
1716985283644 41.52779769897461 12
1716985284150 41.5270881652832 13
1716985284654 41.526790618896484 14
1716985285311 41.52682113647461 15
1716985285976 41.5271110534668 16
1716985286513 41.5266227722168 17
1716985287032 41.52736282348633 18
1716985287560 41.52668380737305 19
1716985288071 41.52715301513672 20
1716985288653 41.526145935058594 21
1716985289162 41.525272369384766 22
1716985289717 41.5272216796875 23
1716985290226 41.52607727050781 24
1716985290767 41.5268440246582 25
1716985291280 41.52645492553711 26
1716985291832 41.526283264160156 27
1716985292348 41.5268440246582 28
1716985292858 41.52616500854492 29
1716985293396 41.52667999267578 30
1716985293911 41.527164459228516 31
1716985294466 41.52604293823242 32
1716985294992 41.52592849731445 33
1716985295595 41.526512145996094 34
1716985296263 41.52639389038086 35
1716985296956 41.526756286621094 36
1716985297589 41.52611541748047 37
1716985298225 41.5267448425293 38
1716985298958 41.526580810546875 39
1716985299614 41.527061462402344 40
1716985300382 41.52653503417969 41
1716985301662 41.526710510253906 42
1716985302318 41.52711868286133 43
1716985302969 41.52680969238281 44
1716985303640 41.52626419067383 45
1716985304222 41.52659606933594 46
1716985304960 41.52608871459961 47
1716985305593 41.526920318603516 48
1716985306257 41.52632522583008 49
