1716977544090 0.13901099562644958 0
1716977544494 0.13131868839263916 1
1716977544865 0.14010989665985107 2
1716977545237 0.13443224132061005 3
1716977545648 0.138827845454216 4
1716977546018 0.14542125165462494 5
1716977546390 0.1428571492433548 6
1716977546805 0.14835165441036224 7
1716977547183 0.13754579424858093 8
1716977547570 0.1408424973487854 9
1716977548006 0.13919414579868317 10
1716977548410 0.14340659976005554 11
1716977548824 0.13809524476528168 12
1716977554373 0.14670330286026 13
1716977554760 0.14230769872665405 14
1716977555175 0.13809524476528168 15
1716977555552 0.1448718011379242 16
1716977555925 0.14010989665985107 17
1716977556334 0.13956044614315033 18
1716977556706 0.1347985416650772 19
1716977557084 0.15018315613269806 20
1716977557521 0.1397435963153839 21
1716977557895 0.1448718011379242 22
1716977558269 0.1468864530324936 23
1716977558686 0.14267399907112122 24
1716977559061 0.1446886509656906 25
1716977559435 0.13919414579868317 26
1716977559846 0.14542125165462494 27
1716977560224 0.14523810148239136 28
1716977560595 0.13534799218177795 29
1716977560999 0.1439560502767563 30
1716977561374 0.15201465785503387 31
1716977561747 0.14652015268802643 32
1716977562168 0.13864469528198242 33
1716977562543 0.14523810148239136 34
1716977562918 0.14212454855442047 35
1716977563336 0.1468864530324936 36
1716977563710 0.1448718011379242 37
1716977564142 0.1428571492433548 38
1716977564637 0.14340659976005554 39
1716977565015 0.15128205716609955 40
1716977565546 0.14120879769325256 41
1716977566021 0.14267399907112122 42
1716977566463 0.148901104927063 43
1716977566925 0.14615385234355927 44
1716977567301 0.14597070217132568 45
1716977567707 0.14560440182685852 46
1716977568127 0.14725275337696075 47
1716977568505 0.148901104927063 48
1716977568879 0.1397435963153839 49
