1716977544090 4193660.75 0
1716977544494 123834904.0 1
1716977544865 690730624.0 2
1716977545237 2092269568.0 3
1716977545648 4642338816.0 4
1716977546018 8862760960.0 5
1716977546390 14988146688.0 6
1716977546805 22948890624.0 7
1716977547183 33302398976.0 8
1716977547570 47326998528.0 9
1716977548006 62860152832.0 10
1716977548410 81932877824.0 11
1716977548824 105274548224.0 12
1716977554373 130966953984.0 13
1716977554760 159342690304.0 14
1716977555175 192865288192.0 15
1716977555552 230902431744.0 16
1716977555925 273830199296.0 17
1716977556334 317681303552.0 18
1716977556706 365455769600.0 19
1716977557084 424751169536.0 20
1716977557521 487620444160.0 21
1716977557895 549056544768.0 22
1716977558269 616675868672.0 23
1716977558686 687739502592.0 24
1716977559061 787754057728.0 25
1716977559435 867703455744.0 26
1716977559846 952616288256.0 27
1716977560224 1058175647744.0 28
1716977560595 1158793920512.0 29
1716977560999 1291743002624.0 30
1716977561374 1402382057472.0 31
1716977561747 1529102729216.0 32
1716977562168 1657125601280.0 33
1716977562543 1814758555648.0 34
1716977562918 1948974186496.0 35
1716977563336 2100966457344.0 36
1716977563710 2267139276800.0 37
1716977564142 2431490457600.0 38
1716977564637 2644700037120.0 39
1716977565015 2815255904256.0 40
1716977565546 3017576546304.0 41
1716977566021 3237664260096.0 42
1716977566463 3473055416320.0 43
1716977566925 3666174541824.0 44
1716977567301 3892453048320.0 45
1716977567707 4140924665856.0 46
1716977568127 4438583410688.0 47
1716977568505 4752983195648.0 48
1716977568879 4932531388416.0 49
