1716977544090 2714.429443359375 0
1716977544494 2714.529541015625 1
1716977544865 2714.3486328125 2
1716977545237 2714.450927734375 3
1716977545648 2714.373291015625 4
1716977546018 2714.254638671875 5
1716977546390 2714.288330078125 6
1716977546805 2714.225341796875 7
1716977547183 2714.2724609375 8
1716977547570 2714.256591796875 9
1716977548006 2714.219482421875 10
1716977548410 2714.232177734375 11
1716977548824 2714.202880859375 12
1716977554373 2714.135009765625 13
1716977554760 2714.18115234375 14
1716977555175 2714.20263671875 15
1716977555552 2714.119384765625 16
1716977555925 2714.114990234375 17
1716977556334 2714.159912109375 18
1716977556706 2714.20361328125 19
1716977557084 2714.086181640625 20
1716977557521 2714.179931640625 21
1716977557895 2714.142578125 22
1716977558269 2714.086181640625 23
1716977558686 2714.162109375 24
1716977559061 2714.14306640625 25
1716977559435 2714.1279296875 26
1716977559846 2714.096435546875 27
1716977560224 2714.122314453125 28
1716977560595 2714.1142578125 29
1716977560999 2714.13720703125 30
1716977561374 2714.116943359375 31
1716977561747 2714.113525390625 32
1716977562168 2714.216064453125 33
1716977562543 2714.115478515625 34
1716977562918 2714.130126953125 35
1716977563336 2714.08544921875 36
1716977563710 2714.11572265625 37
1716977564142 2714.1171875 38
1716977564637 2714.152099609375 39
1716977565015 2714.09912109375 40
1716977565546 2714.1259765625 41
1716977566021 2714.13818359375 42
1716977566463 2714.140625 43
1716977566925 2714.1279296875 44
1716977567301 2714.130859375 45
1716977567707 2714.1142578125 46
1716977568127 2714.0517578125 47
1716977568505 2714.159912109375 48
1716977568879 2714.160888671875 49
