1716977544090 41.530513763427734 0
1716977544494 41.53073501586914 1
1716977544865 41.52848434448242 2
1716977545237 41.52824401855469 3
1716977545648 41.5280876159668 4
1716977546018 41.52598571777344 5
1716977546390 41.52702713012695 6
1716977546805 41.52571487426758 7
1716977547183 41.526607513427734 8
1716977547570 41.52685546875 9
1716977548006 41.52649688720703 10
1716977548410 41.526397705078125 11
1716977548824 41.52644348144531 12
1716977554373 41.52583312988281 13
1716977554760 41.52623748779297 14
1716977555175 41.5261344909668 15
1716977555552 41.5261344909668 16
1716977555925 41.526573181152344 17
1716977556334 41.526084899902344 18
1716977556706 41.52660369873047 19
1716977557084 41.525779724121094 20
1716977557521 41.52556228637695 21
1716977557895 41.5261116027832 22
1716977558269 41.5262451171875 23
1716977558686 41.52688980102539 24
1716977559061 41.5265007019043 25
1716977559435 41.5264892578125 26
1716977559846 41.52549362182617 27
1716977560224 41.52598571777344 28
1716977560595 41.526344299316406 29
1716977560999 41.52595520019531 30
1716977561374 41.52604293823242 31
1716977561747 41.52556610107422 32
1716977562168 41.52668380737305 33
1716977562543 41.525360107421875 34
1716977562918 41.526405334472656 35
1716977563336 41.526031494140625 36
1716977563710 41.52632141113281 37
1716977564142 41.52634811401367 38
1716977564637 41.52631759643555 39
1716977565015 41.526309967041016 40
1716977565546 41.5255012512207 41
1716977566021 41.52559280395508 42
1716977566463 41.526283264160156 43
1716977566925 41.526634216308594 44
1716977567301 41.52662658691406 45
1716977567707 41.526729583740234 46
1716977568127 41.526123046875 47
1716977568505 41.526206970214844 48
1716977568879 41.525596618652344 49
