1717059373355 0.15146520733833313 0
1717059373849 0.1516483575105667 1
1717059374395 0.14560440182685852 2
1717059374901 0.14340659976005554 3
1717059375419 0.138827845454216 4
1717059375958 0.15036630630493164 5
1717059376433 0.14542125165462494 6
1717059377082 0.1457875519990921 7
1717059378489 0.14267399907112122 8
1717059379075 0.13241758942604065 9
1717059379642 0.14633700251579285 10
1717059380160 0.14853480458259583 11
1717059380700 0.14706960320472717 12
1717059381230 0.14120879769325256 13
1717059381759 0.13864469528198242 14
1717059382220 0.1399267464876175 15
1717059382737 0.14542125165462494 16
1717059383347 0.1457875519990921 17
1717059383924 0.14523810148239136 18
1717059384468 0.14267399907112122 19
1717059384989 0.1428571492433548 20
1717059385495 0.14432235062122345 21
1717059385990 0.13809524476528168 22
1717059386545 0.14450550079345703 23
1717059387147 0.13736264407634735 24
1717059387709 0.1439560502767563 25
1717059388224 0.14523810148239136 26
1717059388744 0.14432235062122345 27
1717059389217 0.1417582482099533 28
1717059389724 0.13809524476528168 29
1717059390324 0.14413920044898987 30
1717059390890 0.14358974993228912 31
1717059391446 0.1446886509656906 32
1717059392007 0.14835165441036224 33
1717059392760 0.14542125165462494 34
1717059393386 0.13516484200954437 35
1717059394013 0.14542125165462494 36
1717059394533 0.13315019011497498 37
1717059395080 0.13608059287071228 38
1717059395596 0.13956044614315033 39
1717059396116 0.14358974993228912 40
1717059396603 0.14358974993228912 41
1717059397117 0.13809524476528168 42
1717059397743 0.14322344958782196 43
1717059398278 0.14597070217132568 44
1717059398817 0.1349816918373108 45
1717059399320 0.1448718011379242 46
1717059399820 0.15402930974960327 47
1717059400309 0.13736264407634735 48
1717059400868 0.13846154510974884 49
