1717059373355 165.34561157226562 0
1717059373849 4222.7236328125 1
1717059374395 21061.150390625 2
1717059374901 58309.296875 3
1717059375419 117071.0625 4
1717059375958 198008.515625 5
1717059376433 298762.625 6
1717059377082 409260.03125 7
1717059378489 540592.5625 8
1717059379075 662431.1875 9
1717059379642 789085.9375 10
1717059380160 901375.25 11
1717059380700 975324.8125 12
1717059381230 1043025.0 13
1717059381759 1032139.6875 14
1717059382220 986627.125 15
1717059382737 903582.875 16
1717059383347 741409.4375 17
1717059383924 547641.4375 18
1717059384468 343558.0 19
1717059384989 177943.125 20
1717059385495 130107.4609375 21
1717059385990 127273.3515625 22
1717059386545 145044.625 23
1717059387147 154986.40625 24
1717059387709 172558.703125 25
1717059388224 181624.796875 26
1717059388744 226014.75 27
1717059389217 208747.1875 28
1717059389724 216708.5 29
1717059390324 251538.890625 30
1717059390890 291059.53125 31
1717059391446 284791.375 32
1717059392007 281874.0625 33
1717059392760 327181.5 34
1717059393386 322953.90625 35
1717059394013 360568.28125 36
1717059394533 427861.375 37
1717059395080 396105.90625 38
1717059395596 438974.6875 39
1717059396116 442834.46875 40
1717059396603 519569.03125 41
1717059397117 467925.75 42
1717059397743 528485.5 43
1717059398278 519429.125 44
1717059398817 592207.5 45
1717059399320 535847.3125 46
1717059399820 602825.4375 47
1717059400309 624098.8125 48
1717059400868 691034.625 49
