1717059373355 0.3608907163143158 0
1717059373849 0.40102243423461914 1
1717059374395 0.401827871799469 2
1717059374901 0.4012882113456726 3
1717059375419 0.40157264471054077 4
1717059375958 0.4010736048221588 5
1717059376433 0.40197932720184326 6
1717059377082 0.4006834626197815 7
1717059378489 0.40186411142349243 8
1717059379075 0.40190622210502625 9
1717059379642 0.4012002646923065 10
1717059380160 0.40108558535575867 11
1717059380700 0.4014008045196533 12
1717059381230 0.4017896354198456 13
1717059381759 0.40141069889068604 14
1717059382220 0.4019351899623871 15
1717059382737 0.4012060761451721 16
1717059383347 0.40146690607070923 17
1717059383924 0.401615709066391 18
1717059384468 0.4018220603466034 19
1717059384989 0.40142154693603516 20
1717059385495 0.400951087474823 21
1717059385990 0.4019619822502136 22
1717059386545 0.40169620513916016 23
1717059387147 0.40196067094802856 24
1717059387709 0.40105530619621277 25
1717059388224 0.4014398157596588 26
1717059388744 0.40092092752456665 27
1717059389217 0.40121832489967346 28
1717059389724 0.4014304578304291 29
1717059390324 0.40113645792007446 30
1717059390890 0.400936484336853 31
1717059391446 0.4009949266910553 32
1717059392007 0.4009312093257904 33
1717059392760 0.4006958603858948 34
1717059393386 0.40074828267097473 35
1717059394013 0.40117451548576355 36
1717059394533 0.4021816551685333 37
1717059395080 0.40152591466903687 38
1717059395596 0.4008786678314209 39
1717059396116 0.40100255608558655 40
1717059396603 0.4016324281692505 41
1717059397117 0.40143561363220215 42
1717059397743 0.4006142020225525 43
1717059398278 0.40111932158470154 44
1717059398817 0.4018452763557434 45
1717059399320 0.40125250816345215 46
1717059399820 0.40053504705429077 47
1717059400309 0.4012327194213867 48
1717059400868 0.4012325406074524 49
