1717059373355 0.20150862634181976 0
1717059373849 0.24519309401512146 1
1717059374395 0.24606621265411377 2
1717059374901 0.2455449253320694 3
1717059375419 0.245819091796875 4
1717059375958 0.24532930552959442 5
1717059376433 0.2462339997291565 6
1717059377082 0.24492596089839935 7
1717059378489 0.24613068997859955 8
1717059379075 0.24616175889968872 9
1717059379642 0.24545587599277496 10
1717059380160 0.24534118175506592 11
1717059380700 0.24564389884471893 12
1717059381230 0.24604518711566925 13
1717059381759 0.2456662356853485 14
1717059382220 0.24619080126285553 15
1717059382737 0.24546481668949127 16
1717059383347 0.24572254717350006 17
1717059383924 0.24588462710380554 18
1717059384468 0.24609793722629547 19
1717059384989 0.24560876190662384 20
1717059385495 0.24521851539611816 21
1717059385990 0.24614116549491882 22
1717059386545 0.24587692320346832 23
1717059387147 0.2461838275194168 24
1717059387709 0.24532367289066315 25
1717059388224 0.24572066962718964 26
1717059388744 0.24519725143909454 27
1717059389217 0.24543863534927368 28
1717059389724 0.24559853971004486 29
1717059390324 0.24530547857284546 30
1717059390890 0.24526964128017426 31
1717059391446 0.2452729493379593 32
1717059392007 0.24518224596977234 33
1717059392760 0.2448919117450714 34
1717059393386 0.24508970975875854 35
1717059394013 0.24541889131069183 36
1717059394533 0.2464563399553299 37
1717059395080 0.24568666517734528 38
1717059395596 0.24512849748134613 39
1717059396116 0.24532881379127502 40
1717059396603 0.24590498208999634 41
1717059397117 0.24569103121757507 42
1717059397743 0.24485373497009277 43
1717059398278 0.24540391564369202 44
1717059398817 0.24610795080661774 45
1717059399320 0.24551156163215637 46
1717059399820 0.2448328733444214 47
1717059400309 0.2454548329114914 48
1717059400868 0.2455441653728485 49
