1716820576539 0.13021978735923767 0
1716820576987 0.12472527474164963 1
1716820577388 0.1280219852924347 2
1716820577796 0.12710623443126678 3
1716820578241 0.121062271296978 4
1716820578646 0.13076923787593842 5
1716820579090 0.11923076957464218 6
1716820579567 0.1368131935596466 7
1716820580072 0.1258241832256317 8
1716820580616 0.12069597095251083 9
1716820581138 0.11776556819677353 10
1716820581744 0.12637363374233246 11
1716820582282 0.12527473270893097 12
1716820582825 0.12820513546466827 13
1716820583332 0.1250915825366974 14
1716820583826 0.1250915825366974 15
1716820584304 0.13516484200954437 16
1716820584822 0.1260073333978653 17
1716820585449 0.1358974426984787 18
1716820585979 0.1300366371870041 19
1716820586520 0.12875458598136902 20
1716820587025 0.1329670399427414 21
1716820587519 0.12967033684253693 22
1716820588004 0.12765568494796753 23
1716820588522 0.1358974426984787 24
1716820589120 0.13443224132061005 25
1716820589635 0.130952388048172 26
1716820590170 0.13827839493751526 27
1716820590668 0.13534799218177795 28
1716820591168 0.12912088632583618 29
1716820591661 0.1457875519990921 30
1716820592200 0.13717949390411377 31
1716820592777 0.13608059287071228 32
1716820593341 0.14432235062122345 33
1716820593848 0.13864469528198242 34
1716820594358 0.14230769872665405 35
1716820594832 0.13663004338741302 36
1716820595339 0.14029304683208466 37
1716820595900 0.1399267464876175 38
1716820596479 0.1419413983821869 39
1716820597032 0.14816850423812866 40
1716820597533 0.13846154510974884 41
1716820598053 0.14047619700431824 42
1716820598503 0.14120879769325256 43
1716820598980 0.14908425509929657 44
1716820599517 0.14706960320472717 45
1716820600096 0.1358974426984787 46
1716820600661 0.1439560502767563 47
1716820601170 0.1448718011379242 48
1716820601698 0.15036630630493164 49
