1716820576539 3718605.75 0
1716820576987 109459304.0 1
1716820577388 646723840.0 2
1716820577796 1959288320.0 3
1716820578241 4333368832.0 4
1716820578646 8097944064.0 5
1716820579090 13304608768.0 6
1716820579567 20559656960.0 7
1716820580072 29721907200.0 8
1716820580616 41175408640.0 9
1716820581138 54150602752.0 10
1716820581744 72056578048.0 11
1716820582282 91143135232.0 12
1716820582825 113114710016.0 13
1716820583332 135480213504.0 14
1716820583826 165994758144.0 15
1716820584304 193347338240.0 16
1716820584822 228796825600.0 17
1716820585449 272230105088.0 18
1716820585979 312286937088.0 19
1716820586520 354836643840.0 20
1716820587025 404781989888.0 21
1716820587519 459436326912.0 22
1716820588004 513389166592.0 23
1716820588522 572227584000.0 24
1716820589120 646769868800.0 25
1716820589635 719511420928.0 26
1716820590170 803384131584.0 27
1716820590668 874473259008.0 28
1716820591168 959193350144.0 29
1716820591661 1055068061696.0 30
1716820592200 1146022526976.0 31
1716820592777 1234558517248.0 32
1716820593341 1379808051200.0 33
1716820593848 1479854915584.0 34
1716820594358 1613558972416.0 35
1716820594832 1733704679424.0 36
1716820595339 1861671845888.0 37
1716820595900 1998701592576.0 38
1716820596479 2166356574208.0 39
1716820597032 2301986078720.0 40
1716820597533 2472543518720.0 41
1716820598053 2652520316928.0 42
1716820598503 2829445234688.0 43
1716820598980 2999265001472.0 44
1716820599517 3211947671552.0 45
1716820600096 3437813301248.0 46
1716820600661 3618365505536.0 47
1716820601170 3861295136768.0 48
1716820601698 4084353728512.0 49
