1716820576539 41.532020568847656 0
1716820576987 41.53022766113281 1
1716820577388 41.52964401245117 2
1716820577796 41.52936553955078 3
1716820578241 41.52717971801758 4
1716820578646 41.528289794921875 5
1716820579090 41.52804946899414 6
1716820579567 41.527587890625 7
1716820580072 41.52758026123047 8
1716820580616 41.52658462524414 9
1716820581138 41.526363372802734 10
1716820581744 41.52607727050781 11
1716820582282 41.525882720947266 12
1716820582825 41.52497863769531 13
1716820583332 41.527099609375 14
1716820583826 41.525177001953125 15
1716820584304 41.52614974975586 16
1716820584822 41.526031494140625 17
1716820585449 41.52692413330078 18
1716820585979 41.52642822265625 19
1716820586520 41.52637481689453 20
1716820587025 41.525291442871094 21
1716820587519 41.52536392211914 22
1716820588004 41.52604675292969 23
1716820588522 41.525978088378906 24
1716820589120 41.526031494140625 25
1716820589635 41.52598190307617 26
1716820590170 41.5269775390625 27
1716820590668 41.52568817138672 28
1716820591168 41.52677536010742 29
1716820591661 41.52598190307617 30
1716820592200 41.52571105957031 31
1716820592777 41.52699279785156 32
1716820593341 41.52528381347656 33
1716820593848 41.52655792236328 34
1716820594358 41.52548599243164 35
1716820594832 41.52644729614258 36
1716820595339 41.525516510009766 37
1716820595900 41.525360107421875 38
1716820596479 41.526580810546875 39
1716820597032 41.52564239501953 40
1716820597533 41.52589416503906 41
1716820598053 41.52653503417969 42
1716820598503 41.526493072509766 43
1716820598980 41.52553176879883 44
1716820599517 41.5251579284668 45
1716820600096 41.527095794677734 46
1716820600661 41.52616882324219 47
1716820601170 41.5261116027832 48
1716820601698 41.525760650634766 49
