1716820576539 2714.63720703125 0
1716820576987 2714.56689453125 1
1716820577388 2714.560791015625 2
1716820577796 2714.444580078125 3
1716820578241 2714.54345703125 4
1716820578646 2714.477783203125 5
1716820579090 2714.465576171875 6
1716820579567 2714.347900390625 7
1716820580072 2714.433837890625 8
1716820580616 2714.400146484375 9
1716820581138 2714.383056640625 10
1716820581744 2714.409912109375 11
1716820582282 2714.359619140625 12
1716820582825 2714.30029296875 13
1716820583332 2714.3310546875 14
1716820583826 2714.310302734375 15
1716820584304 2714.238525390625 16
1716820584822 2714.3330078125 17
1716820585449 2714.24365234375 18
1716820585979 2714.247802734375 19
1716820586520 2714.27685546875 20
1716820587025 2714.220703125 21
1716820587519 2714.2919921875 22
1716820588004 2714.27685546875 23
1716820588522 2714.191650390625 24
1716820589120 2714.169677734375 25
1716820589635 2714.268798828125 26
1716820590170 2714.17919921875 27
1716820590668 2714.22265625 28
1716820591168 2714.239990234375 29
1716820591661 2714.17626953125 30
1716820592200 2714.197509765625 31
1716820592777 2714.185791015625 32
1716820593341 2714.108154296875 33
1716820593848 2714.197021484375 34
1716820594358 2714.1884765625 35
1716820594832 2714.21337890625 36
1716820595339 2714.13916015625 37
1716820595900 2714.1591796875 38
1716820596479 2714.151123046875 39
1716820597032 2714.1396484375 40
1716820597533 2714.16845703125 41
1716820598053 2714.143310546875 42
1716820598503 2714.193603515625 43
1716820598980 2714.1171875 44
1716820599517 2714.07470703125 45
1716820600096 2714.171142578125 46
1716820600661 2714.103759765625 47
1716820601170 2714.115234375 48
1716820601698 2714.091064453125 49
