1716995582916 0.15201465785503387 0
1716995583295 0.1468864530324936 1
1716995583710 0.1417582482099533 2
1716995584084 0.1498168557882309 3
1716995584458 0.13864469528198242 4
1716995584864 0.14725275337696075 5
1716995585239 0.13809524476528168 6
1716995585617 0.14010989665985107 7
1716995586045 0.13901099562644958 8
1716995586418 0.15054945647716522 9
1716995586797 0.14340659976005554 10
1716995587237 0.14560440182685852 11
1716995587617 0.13937729597091675 12
1716995587995 0.14450550079345703 13
1716995588401 0.14358974993228912 14
1716995588791 0.14633700251579285 15
1716995589167 0.14597070217132568 16
1716995589584 0.13772894442081451 17
1716995589962 0.1369963437318802 18
1716995590344 0.14322344958782196 19
1716995590760 0.13937729597091675 20
1716995591138 0.15146520733833313 21
1716995591514 0.14047619700431824 22
1716995591934 0.14413920044898987 23
1716995592312 0.14908425509929657 24
1716995592684 0.14945055544376373 25
1716995593094 0.14340659976005554 26
1716995593471 0.14816850423812866 27
1716995593850 0.14413920044898987 28
1716995594264 0.1446886509656906 29
1716995594842 0.13736264407634735 30
1716995595491 0.1448718011379242 31
1716995595910 0.1379120945930481 32
1716995596288 0.13443224132061005 33
1716995596712 0.14230769872665405 34
1716995597112 0.13461539149284363 35
1716995597490 0.14560440182685852 36
1716995597908 0.1457875519990921 37
1716995598286 0.14652015268802643 38
1716995598664 0.14725275337696075 39
1716995599088 0.14230769872665405 40
1716995599469 0.14798535406589508 41
1716995599848 0.14761905372142792 42
1716995600290 0.14212454855442047 43
1716995600692 0.15091575682163239 44
1716995601118 0.14542125165462494 45
1716995601542 0.14102564752101898 46
1716995601951 0.14322344958782196 47
1716995602382 0.1478022038936615 48
1716995602785 0.14597070217132568 49
