1716995582916 256.57666015625 0
1716995583295 6034.5478515625 1
1716995583710 30469.0234375 2
1716995584084 82978.34375 3
1716995584458 169104.578125 4
1716995584864 289258.34375 5
1716995585239 439044.125 6
1716995585617 618414.25 7
1716995586045 807563.0625 8
1716995586418 1007248.0625 9
1716995586797 1198163.75 10
1716995587237 1348331.125 11
1716995587617 1495023.125 12
1716995587995 1586200.25 13
1716995588401 1650453.75 14
1716995588791 1682049.75 15
1716995589167 1595137.375 16
1716995589584 1427176.625 17
1716995589962 1198125.25 18
1716995590344 903495.625 19
1716995590760 616000.125 20
1716995591138 394308.75 21
1716995591514 286609.90625 22
1716995591934 227398.59375 23
1716995592312 245912.28125 24
1716995592684 242726.0 25
1716995593094 286995.9375 26
1716995593471 266843.53125 27
1716995593850 339138.3125 28
1716995594264 316241.15625 29
1716995594842 344325.125 30
1716995595491 400387.75 31
1716995595910 466571.0625 32
1716995596288 396273.59375 33
1716995596712 421548.4375 34
1716995597112 501796.5625 35
1716995597490 478696.0 36
1716995597908 577172.4375 37
1716995598286 528598.0625 38
1716995598664 617478.5 39
1716995599088 648232.125 40
1716995599469 765823.4375 41
1716995599848 716527.0 42
1716995600290 774401.5625 43
1716995600692 735247.25 44
1716995601118 850984.8125 45
1716995601542 898958.8125 46
1716995601951 954511.0 47
1716995602382 898818.25 48
1716995602785 981053.6875 49
