1716995582916 0.20767876505851746 0
1716995583295 0.2453014850616455 1
1716995583710 0.2459883987903595 2
1716995584084 0.24533680081367493 3
1716995584458 0.24611936509609222 4
1716995584864 0.24597439169883728 5
1716995585239 0.2460705190896988 6
1716995585617 0.2457156479358673 7
1716995586045 0.24605850875377655 8
1716995586418 0.24555440247058868 9
1716995586797 0.2457442432641983 10
1716995587237 0.24553430080413818 11
1716995587617 0.24574053287506104 12
1716995587995 0.2456015944480896 13
1716995588401 0.24558928608894348 14
1716995588791 0.24578732252120972 15
1716995589167 0.2453344315290451 16
1716995589584 0.24588780105113983 17
1716995589962 0.2458956241607666 18
1716995590344 0.24569006264209747 19
1716995590760 0.24652010202407837 20
1716995591138 0.24538880586624146 21
1716995591514 0.2458091676235199 22
1716995591934 0.24554310739040375 23
1716995592312 0.24551783502101898 24
1716995592684 0.24532674252986908 25
1716995593094 0.245822936296463 26
1716995593471 0.2447812408208847 27
1716995593850 0.24587330222129822 28
1716995594264 0.24537941813468933 29
1716995594842 0.24606652557849884 30
1716995595491 0.24505633115768433 31
1716995595910 0.24526704847812653 32
1716995596288 0.24588623642921448 33
1716995596712 0.24554269015789032 34
1716995597112 0.24523702263832092 35
1716995597490 0.24471788108348846 36
1716995597908 0.24495066702365875 37
1716995598286 0.24517330527305603 38
1716995598664 0.24497483670711517 39
1716995599088 0.24543902277946472 40
1716995599469 0.24503415822982788 41
1716995599848 0.24528831243515015 42
1716995600290 0.24549788236618042 43
1716995600692 0.24554243683815002 44
1716995601118 0.24591708183288574 45
1716995601542 0.24594861268997192 46
1716995601951 0.24592900276184082 47
1716995602382 0.24493706226348877 48
1716995602785 0.24460740387439728 49
