1716995582916 0.36706987023353577 0
1716995583295 0.4011295735836029 1
1716995583710 0.4017472267150879 2
1716995584084 0.4010803997516632 3
1716995584458 0.4018639326095581 4
1716995584864 0.4017186760902405 5
1716995585239 0.4018149971961975 6
1716995585617 0.4014599621295929 7
1716995586045 0.4018031656742096 8
1716995586418 0.4012988209724426 9
1716995586797 0.4014885723590851 10
1716995587237 0.4012826383113861 11
1716995587617 0.4014756977558136 12
1716995587995 0.40134602785110474 13
1716995588401 0.40133368968963623 14
1716995588791 0.401520699262619 15
1716995589167 0.40107905864715576 16
1716995589584 0.40163105726242065 17
1716995589962 0.4016399383544922 18
1716995590344 0.40141525864601135 19
1716995590760 0.4022779166698456 20
1716995591138 0.401116281747818 21
1716995591514 0.40152958035469055 22
1716995591934 0.40117979049682617 23
1716995592312 0.4013069272041321 24
1716995592684 0.40107905864715576 25
1716995593094 0.4015631675720215 26
1716995593471 0.400510311126709 27
1716995593850 0.4016161561012268 28
1716995594264 0.401138037443161 29
1716995594842 0.40168648958206177 30
1716995595491 0.4008697271347046 31
1716995595910 0.4010683596134186 32
1716995596288 0.4016197919845581 33
1716995596712 0.4013929069042206 34
1716995597112 0.4009796380996704 35
1716995597490 0.40043318271636963 36
1716995597908 0.4006649851799011 37
1716995598286 0.40088048577308655 38
1716995598664 0.40070590376853943 39
1716995599088 0.4011349081993103 40
1716995599469 0.40081751346588135 41
1716995599848 0.4010818302631378 42
1716995600290 0.40123245120048523 43
1716995600692 0.401432067155838 44
1716995601118 0.4016248881816864 45
1716995601542 0.40171507000923157 46
1716995601951 0.40166640281677246 47
1716995602382 0.4006541669368744 48
1716995602785 0.40039029717445374 49
