1716819691157 0.1657509207725525 0
1716819691885 0.17307692766189575 1
1716819692522 0.16483516991138458 2
1716819693188 0.16300366818904877 3
1716819693858 0.16794872283935547 4
1716819694502 0.1587912142276764 5
1716819695173 0.15897436439990997 6
1716819695766 0.16043956577777863 7
1716819696485 0.15842491388320923 8
1716819697158 0.16721612215042114 9
1716819697825 0.16520147025585175 10
1716819698453 0.1684981733560562 11
1716819699072 0.16043956577777863 12
1716819699841 0.1617216169834137 13
1716819700473 0.16703297197818756 14
1716819701133 0.1684981733560562 15
1716819701705 0.1716117262840271 16
1716819702432 0.16831502318382263 17
1716819703071 0.16941392421722412 18
1716819703782 0.17142857611179352 19
1716819704377 0.17032967507839203 20
1716819705070 0.16520147025585175 21
1716819705763 0.16208791732788086 22
1716819706394 0.16538462042808533 23
1716819707024 0.16501832008361816 24
1716819707658 0.16025641560554504 25
1716819708387 0.16428571939468384 26
1716819709014 0.16739927232265472 27
1716819709697 0.1666666716337204 28
1716819710282 0.1655677706003189 29
1716819711003 0.16501832008361816 30
1716819711673 0.16923077404499054 31
1716819712302 0.16684982180595398 32
1716819712908 0.1745421290397644 33
1716819713610 0.1686813235282898 34
1716819714297 0.17087912559509277 35
1716819714953 0.17435897886753082 36
1716819715589 0.16483516991138458 37
1716819716259 0.16300366818904877 38
1716819716938 0.1677655726671219 39
1716819717605 0.16721612215042114 40
1716819718232 0.16648352146148682 41
1716819718892 0.16410256922245026 42
1716819719631 0.17216117680072784 43
1716819720306 0.1666666716337204 44
1716819720959 0.17014652490615845 45
1716819721545 0.17344322800636292 46
1716819722271 0.17087912559509277 47
1716819722914 0.17197802662849426 48
1716819723585 0.16721612215042114 49
