1716819691157 4616481.0 0
1716819691885 126816472.0 1
1716819692522 723817344.0 2
1716819693188 2251261184.0 3
1716819693858 5167435264.0 4
1716819694502 9772013568.0 5
1716819695173 17036221440.0 6
1716819695766 25526593536.0 7
1716819696485 37362778112.0 8
1716819697158 52347482112.0 9
1716819697825 70040264704.0 10
1716819698453 92709109760.0 11
1716819699072 119311032320.0 12
1716819699841 148063338496.0 13
1716819700473 184514756608.0 14
1716819701133 221341876224.0 15
1716819701705 263898284032.0 16
1716819702432 309369241600.0 17
1716819703071 366346338304.0 18
1716819703782 423383859200.0 19
1716819704377 489060630528.0 20
1716819705070 557482115072.0 21
1716819705763 631235543040.0 22
1716819706394 722605965312.0 23
1716819707024 802414460928.0 24
1716819707658 888619991040.0 25
1716819708387 990359191552.0 26
1716819709014 1104855171072.0 27
1716819709697 1221557354496.0 28
1716819710282 1361382342656.0 29
1716819711003 1475068035072.0 30
1716819711673 1626626326528.0 31
1716819712302 1772666355712.0 32
1716819712908 1943504551936.0 33
1716819713610 2081297137664.0 34
1716819714297 2234695548928.0 35
1716819714953 2396766076928.0 36
1716819715589 2597516476416.0 37
1716819716259 2820733140992.0 38
1716819716938 3032971476992.0 39
1716819717605 3196995239936.0 40
1716819718232 3438611791872.0 41
1716819718892 3719943421952.0 42
1716819719631 3929431867392.0 43
1716819720306 4230667829248.0 44
1716819720959 4467303907328.0 45
1716819721545 4777153921024.0 46
1716819722271 5026108932096.0 47
1716819722914 5379947757568.0 48
1716819723585 5623624761344.0 49
