1716819691157 41.52730941772461 0
1716819691885 41.527957916259766 1
1716819692522 41.52811050415039 2
1716819693188 41.526798248291016 3
1716819693858 41.52754211425781 4
1716819694502 41.5268440246582 5
1716819695173 41.52594757080078 6
1716819695766 41.5264892578125 7
1716819696485 41.527191162109375 8
1716819697158 41.52674865722656 9
1716819697825 41.52750015258789 10
1716819698453 41.527137756347656 11
1716819699072 41.52687454223633 12
1716819699841 41.52637481689453 13
1716819700473 41.52642059326172 14
1716819701133 41.52717208862305 15
1716819701705 41.52690887451172 16
1716819702432 41.52754592895508 17
1716819703071 41.526405334472656 18
1716819703782 41.527095794677734 19
1716819704377 41.52668762207031 20
1716819705070 41.52730178833008 21
1716819705763 41.526885986328125 22
1716819706394 41.52726745605469 23
1716819707024 41.52729797363281 24
1716819707658 41.52731704711914 25
1716819708387 41.52676773071289 26
1716819709014 41.52775192260742 27
1716819709697 41.526771545410156 28
1716819710282 41.52716064453125 29
1716819711003 41.52735137939453 30
1716819711673 41.52605438232422 31
1716819712302 41.527626037597656 32
1716819712908 41.52690505981445 33
1716819713610 41.52640914916992 34
1716819714297 41.526729583740234 35
1716819714953 41.52658462524414 36
1716819715589 41.52783203125 37
1716819716259 41.52690887451172 38
1716819716938 41.52592086791992 39
1716819717605 41.526763916015625 40
1716819718232 41.527442932128906 41
1716819718892 41.526615142822266 42
1716819719631 41.52635192871094 43
1716819720306 41.527469635009766 44
1716819720959 41.5268440246582 45
1716819721545 41.526641845703125 46
1716819722271 41.526432037353516 47
1716819722914 41.527156829833984 48
1716819723585 41.52690505981445 49
