1716819691157 2714.128662109375 0
1716819691885 2714.084716796875 1
1716819692522 2714.087646484375 2
1716819693188 2714.05517578125 3
1716819693858 2714.088623046875 4
1716819694502 2714.083740234375 5
1716819695173 2714.10498046875 6
1716819695766 2714.10986328125 7
1716819696485 2714.154296875 8
1716819697158 2714.05322265625 9
1716819697825 2713.998291015625 10
1716819698453 2714.022705078125 11
1716819699072 2714.037841796875 12
1716819699841 2714.037109375 13
1716819700473 2714.021484375 14
1716819701133 2714.04296875 15
1716819701705 2714.017333984375 16
1716819702432 2714.034912109375 17
1716819703071 2714.009521484375 18
1716819703782 2714.0107421875 19
1716819704377 2714.01220703125 20
1716819705070 2714.081787109375 21
1716819705763 2714.041259765625 22
1716819706394 2714.074951171875 23
1716819707024 2714.04150390625 24
1716819707658 2714.05078125 25
1716819708387 2714.023193359375 26
1716819709014 2713.9931640625 27
1716819709697 2714.000732421875 28
1716819710282 2714.03076171875 29
1716819711003 2714.06201171875 30
1716819711673 2713.99365234375 31
1716819712302 2714.001953125 32
1716819712908 2713.981689453125 33
1716819713610 2714.030029296875 34
1716819714297 2713.979736328125 35
1716819714953 2713.99365234375 36
1716819715589 2713.989501953125 37
1716819716259 2714.035400390625 38
1716819716938 2713.99755859375 39
1716819717605 2714.0263671875 40
1716819718232 2713.975341796875 41
1716819718892 2714.018798828125 42
1716819719631 2713.99853515625 43
1716819720306 2714.013916015625 44
1716819720959 2713.974609375 45
1716819721545 2713.9775390625 46
1716819722271 2713.990234375 47
1716819722914 2713.969970703125 48
1716819723585 2714.02587890625 49
