1716819379468 0.14304029941558838 0
1716819380177 0.12326007336378098 1
1716819380809 0.1269230842590332 2
1716819381469 0.12967033684253693 3
1716819382148 0.1280219852924347 4
1716819382828 0.1278388351202011 5
1716819383510 0.12326007336378098 6
1716819384118 0.12527473270893097 7
1716819384812 0.12289377301931381 8
1716819385489 0.1239926740527153 9
1716819386150 0.12967033684253693 10
1716819386764 0.1258241832256317 11
1716819387402 0.13333334028720856 12
1716819388149 0.12710623443126678 13
1716819388780 0.12710623443126678 14
1716819389444 0.13553114235401154 15
1716819390007 0.1269230842590332 16
1716819390727 0.12875458598136902 17
1716819391375 0.13736264407634735 18
1716819392033 0.13150183856487274 19
1716819392625 0.13223443925380707 20
1716819393318 0.12728938460350037 21
1716819394005 0.1230769231915474 22
1716819394632 0.12637363374233246 23
1716819395302 0.1358974426984787 24
1716819395874 0.13406594097614288 25
1716819396606 0.13644689321517944 26
1716819397255 0.13937729597091675 27
1716819397914 0.12948718667030334 28
1716819398488 0.1349816918373108 29
1716819399206 0.1300366371870041 30
1716819399841 0.1258241832256317 31
1716819400500 0.1369963437318802 32
1716819401115 0.1320512890815735 33
1716819401729 0.1347985416650772 34
1716819402447 0.13553114235401154 35
1716819403093 0.14102564752101898 36
1716819403783 0.1369963437318802 37
1716819404346 0.1318681389093399 38
1716819405074 0.14340659976005554 39
1716819405701 0.13021978735923767 40
1716819406387 0.14029304683208466 41
1716819406952 0.13351649045944214 42
