1716819379468 4592428.0 0
1716819380177 134072928.0 1
1716819380809 740271296.0 2
1716819381469 2202270208.0 3
1716819382148 4932559360.0 4
1716819382828 9348600832.0 5
1716819383510 15340400640.0 6
1716819384118 24085309440.0 7
1716819384812 34303414272.0 8
1716819385489 47361933312.0 9
1716819386150 63647821824.0 10
1716819386764 83635437568.0 11
1716819387402 105853861888.0 12
1716819388149 130304835584.0 13
1716819388780 158637637632.0 14
1716819389444 194567520256.0 15
1716819390007 227279142912.0 16
1716819390727 267570216960.0 17
1716819391375 311288037376.0 18
1716819392033 364569853952.0 19
1716819392625 415018287104.0 20
1716819393318 480225755136.0 21
1716819394005 539750694912.0 22
1716819394632 611308142592.0 23
1716819395302 688524820480.0 24
1716819395874 759329783808.0 25
1716819396606 841967861760.0 26
1716819397255 944431038464.0 27
1716819397914 1020535242752.0 28
1716819398488 1155710451712.0 29
1716819399206 1253818105856.0 30
1716819399841 1394472255488.0 31
1716819400500 1490650923008.0 32
1716819401115 1623031808000.0 33
1716819401729 1755194458112.0 34
1716819402447 1914887602176.0 35
1716819403093 2060425756672.0 36
1716819403783 2226299338752.0 37
1716819404346 2400397033472.0 38
1716819405074 2545158979584.0 39
1716819405701 2746943012864.0 40
1716819406387 2942207000576.0 41
1716819406952 3146207461376.0 42
