1716819379468 41.52899932861328 0
1716819380177 41.52881622314453 1
1716819380809 41.528892517089844 2
1716819381469 41.52848434448242 3
1716819382148 41.52802658081055 4
1716819382828 41.527442932128906 5
1716819383510 41.52742385864258 6
1716819384118 41.52675247192383 7
1716819384812 41.52760314941406 8
1716819385489 41.52737045288086 9
1716819386150 41.52655792236328 10
1716819386764 41.527278900146484 11
1716819387402 41.526588439941406 12
1716819388149 41.52595138549805 13
1716819388780 41.52729797363281 14
1716819389444 41.526187896728516 15
1716819390007 41.52760314941406 16
1716819390727 41.52729797363281 17
1716819391375 41.52589416503906 18
1716819392033 41.5264892578125 19
1716819392625 41.52634048461914 20
1716819393318 41.52577590942383 21
1716819394005 41.52766036987305 22
1716819394632 41.52606201171875 23
1716819395302 41.52531433105469 24
1716819395874 41.52635192871094 25
1716819396606 41.52610397338867 26
1716819397255 41.52592849731445 27
1716819397914 41.52674865722656 28
1716819398488 41.52679443359375 29
1716819399206 41.527103424072266 30
1716819399841 41.52690124511719 31
1716819400500 41.526161193847656 32
1716819401115 41.52559280395508 33
1716819401729 41.526573181152344 34
1716819402447 41.52531051635742 35
1716819403093 41.52567672729492 36
1716819403783 41.526546478271484 37
1716819404346 41.526424407958984 38
1716819405074 41.52705001831055 39
1716819405701 41.526512145996094 40
1716819406387 41.526023864746094 41
1716819406952 41.52720260620117 42
