1716819379468 2714.30908203125 0
1716819380177 2714.38427734375 1
1716819380809 2714.33203125 2
1716819381469 2714.3603515625 3
1716819382148 2714.342041015625 4
1716819382828 2714.2705078125 5
1716819383510 2714.385986328125 6
1716819384118 2714.301025390625 7
1716819384812 2714.27392578125 8
1716819385489 2714.25537109375 9
1716819386150 2714.21826171875 10
1716819386764 2714.244140625 11
1716819387402 2714.179931640625 12
1716819388149 2714.201416015625 13
1716819388780 2714.24951171875 14
1716819389444 2714.171142578125 15
1716819390007 2714.211181640625 16
1716819390727 2714.195556640625 17
1716819391375 2714.082275390625 18
1716819392033 2714.1865234375 19
1716819392625 2714.156005859375 20
1716819393318 2714.106689453125 21
1716819394005 2714.209228515625 22
1716819394632 2714.1474609375 23
1716819395302 2714.1240234375 24
1716819395874 2714.1162109375 25
1716819396606 2714.1279296875 26
1716819397255 2714.104248046875 27
1716819397914 2714.15478515625 28
1716819398488 2714.147705078125 29
1716819399206 2714.195068359375 30
1716819399841 2714.2041015625 31
1716819400500 2714.119873046875 32
1716819401115 2714.1396484375 33
1716819401729 2714.154296875 34
1716819402447 2714.105224609375 35
1716819403093 2714.06689453125 36
1716819403783 2714.08251953125 37
1716819404346 2714.08154296875 38
1716819405074 2714.07958984375 39
1716819405701 2714.16943359375 40
1716819406387 2714.092041015625 41
1716819406952 2714.149169921875 42
